adcPeriod = 1417.000000
seed = 0.000000
